#500 to both wheels for 2 seconds, about 59.25 inches, stayed just about straight, swerved a bit to the left
0 0 0
0.0064923 0.0100269 -0.0711479
0.0064923 -0.0633278 0.0583305
0.0128794 0.0359535 0.143711
0.000244141 3.8147e-05 -3.8147e-06
0.000244141 3.8147e-05 -3.8147e-06
0.000244141 -0.113085 -0.0303268
-1.49012e-08 3.8147e-06 -7.62939e-06
-1.49012e-08 3.8147e-06 -7.62939e-06
-1.49012e-08 3.8147e-06 -7.62939e-06
-1.49012e-08 3.8147e-06 -7.62939e-06
-1.49012e-08 3.8147e-06 -7.62939e-06
-1.49012e-08 3.8147e-06 -7.62939e-06
-1.49012e-08 3.8147e-06 -7.62939e-06
-1.49012e-08 3.8147e-06 -7.62939e-06
-1.49012e-08 3.8147e-06 -7.62939e-06
-1.49012e-08 3.8147e-06 -7.62939e-06
-1.49012e-08 3.8147e-06 -7.62939e-06
-1.49012e-08 3.8147e-06 -7.62939e-06
-1.49012e-08 3.8147e-06 -7.62939e-06
-1.49012e-08 3.8147e-06 -7.62939e-06
-1.49012e-08 3.8147e-06 -7.62939e-06
-1.49012e-08 3.8147e-06 -7.62939e-06
-1.49012e-08 3.8147e-06 -7.62939e-06
-1.49012e-08 3.8147e-06 -7.62939e-06
-1.49012e-08 3.8147e-06 -7.62939e-06
-1.49012e-08 3.8147e-06 -7.62939e-06
-1.49012e-08 3.8147e-06 -7.62939e-06
-1.49012e-08 3.8147e-06 -7.62939e-06
-1.49012e-08 3.8147e-06 -7.62939e-06
-1.49012e-08 3.8147e-06 -7.62939e-06
-1.49012e-08 3.8147e-06 -7.62939e-06
-1.49012e-08 3.8147e-06 -7.62939e-06
-1.49012e-08 3.8147e-06 -7.62939e-06
-1.49012e-08 3.8147e-06 -7.62939e-06
-1.49012e-08 3.8147e-06 -7.62939e-06
-1.49012e-08 3.8147e-06 -7.62939e-06
-1.49012e-08 3.8147e-06 -7.62939e-06
-1.49012e-08 3.8147e-06 -7.62939e-06
-1.49012e-08 3.8147e-06 -7.62939e-06
-1.49012e-08 3.8147e-06 -7.62939e-06
-1.49012e-08 3.8147e-06 -7.62939e-06
-1.49012e-08 3.8147e-06 -7.62939e-06
-1.49012e-08 3.8147e-06 -7.62939e-06
-1.49012e-08 3.8147e-06 -7.62939e-06
-1.49012e-08 3.8147e-06 -7.62939e-06
-1.49012e-08 3.8147e-06 -7.62939e-06
-1.49012e-08 3.8147e-06 -7.62939e-06
-1.49012e-08 3.8147e-06 -7.62939e-06
-1.49012e-08 3.8147e-06 -7.62939e-06
-1.49012e-08 3.8147e-06 -7.62939e-06
-1.49012e-08 3.8147e-06 -7.62939e-06
-1.49012e-08 3.8147e-06 -7.62939e-06
-1.49012e-08 3.8147e-06 -7.62939e-06
-1.49012e-08 3.8147e-06 -7.62939e-06
-1.49012e-08 3.8147e-06 -7.62939e-06
0.0164919 0.0634499 -0.0582581
0.0164919 -0.0434074 -0.998905
0.0164919 -0.158884 -0.42347
0.0164919 -0.192101 0.54488
0.0201188 0.112286 0.12989
0.0217969 -0.0359116 -0.333111
0.0162179 -0.0728378 -0.0471306
0.0162179 -0.168152 0.399513
0.0335174 -0.134521 -0.256306
0.023781 0.0225945 0.0502014
0.023781 -0.41773 0.434349
0.023781 0.100536 0.416836
0.0233716 -0.154982 0.357128
0.00622316 0.107731 0.562355
0.00622316 0.102354 0.51302
0.0174575 -0.024868 0.71452
0.0174575 0.215322 1.09626
0.0174575 0.213985 1.25094
0.0228832 0.284559 0.814835
0.0228832 -0.0164452 0.991634
0.0152876 0.0492344 1.01974
0.0325343 -0.0196362 0.745064
0.0325343 0.0235596 0.85207
0.0250363 0.13563 0.773003
0.0136153 -0.0639496 0.806747
0.0136153 -0.364365 0.90904
0.0206687 0.39685 0.998682
0.0206687 -0.449386 1.19519
0.0206687 -0.0106795 0.740753
0.0170607 0.271142 1.06359
0.0170607 0.369325 1.44255
0.0170607 -0.0325816 0.894359
0.0112844 0.423355 1.26535
0.0112844 0.0496264 0.906555
0.0112844 -0.0409346 0.766273
0.00672606 -0.231389 0.710102
0.00672606 0.0199413 0.707058
0.00672606 0.0213547 0.872303
0.00672606 -0.0380049 1.06741
0.0219466 -0.210187 0.921886
0.0219466 -0.302475 1.11189
0.0219466 0.391275 1.49025
0.031234 -0.0158195 0.776169
0.031234 -0.0995331 0.911991
0.00733345 0.0868263 1.52118
0.00733345 0.178251 1.65943
0.00733345 -0.178787 1.14492
0.00733345 -0.00179863 1.1769
0.00847434 -0.204981 1.11614
0.0158428 -0.0178299 0.959011
0.0158428 -0.0808887 1.07267
0.0063325 -0.232635 0.887955
0.00701191 -0.236179 0.917942
0.00701191 -0.677815 1.51679
0.0370083 0.581247 1.52961
0.0370083 -0.406414 1.1414
0.0370083 -0.0271969 1.10724
0.0322648 0.0614309 1.64663
0.0322648 0.388501 1.47952
0.0104977 0.51687 1.69571
0.00818998 0.186575 1.18311
0.00818998 0.0860004 1.49363
0.00674942 0.193201 1.32865
0.0305823 -0.0143948 0.382603
0.0305823 0.175936 0.482491
0.0305823 -0.209541 1.21552
0.0155526 -0.012702 0.725939
0.0268537 0.132329 0.0199566
0.0268537 -0.463845 -0.079916
0.0116946 0.0428162 0.547684
0.0116946 0.17218 0.275005
0.0255248 0.122715 -0.116419
