113 cc
0.0 0.0 0.0 -0.0
0.0 0.0 -3.0E-6 -3.0E-5
0.0 0.0 -3.0E-6 -3.0E-5
0.0 0.0 -3.0E-6 -3.0E-5
0.0 0.0 -3.0E-6 -3.0E-5
0.0 0.0 -3.0E-6 -3.0E-5
0.0 0.0 -3.0E-6 -3.0E-5
0.0 0.0 -3.0E-6 -3.0E-5
0.0 0.0 -3.0E-6 -3.0E-5
0.0 0.0 -3.0E-6 -3.0E-5
0.0 0.0 -3.0E-6 -3.0E-5
0.0 0.0 -3.0E-6 -3.0E-5
0.0 0.0 -3.0E-6 -3.0E-5
0.0 0.0 -3.0E-6 -3.0E-5
0.0 0.0 -3.0E-6 -3.0E-5
0.0 0.0 -3.0E-6 -3.0E-5
0.0 0.0 -3.0E-6 -3.0E-5
0.0 0.0 -3.0E-6 -3.0E-5
0.0 0.0 -3.0E-6 -3.0E-5
0.0 0.0 -3.0E-6 -3.0E-5
0.0 0.0 -3.0E-6 -3.0E-5
0.0 0.0 -3.0E-6 -3.0E-5
0.0 0.0 -3.0E-6 -3.0E-5
0.0 0.0 -3.0E-6 -3.0E-5
0.0 0.0 -3.0E-6 -3.0E-5
0.0 0.0 -3.0E-6 -3.0E-5
0.0 0.0 -3.0E-6 -3.0E-5
0.0 0.0 -3.0E-6 -3.0E-5
0.0 0.0 -3.0E-6 -3.0E-5
0.0 0.0 -3.0E-6 -3.0E-5
0.0 0.0 -3.0E-6 -3.0E-5
0.0 0.0 -3.0E-6 -3.0E-5
0.0 0.0 -3.0E-6 -3.0E-5
0.0 0.0 -3.0E-6 -3.0E-5
0.0 0.0 -3.0E-6 -3.0E-5
0.0 0.0 -3.0E-6 -3.0E-5
0.0 0.0 -3.0E-6 -3.0E-5
0.0 0.0 -3.0E-6 -3.0E-5
0.0 0.0 -3.0E-6 -3.0E-5
0.0 0.0 -3.0E-6 -3.0E-5
0.0 0.0 -3.0E-6 -3.0E-5
0.0 0.0 -3.0E-6 -3.0E-5
0.0 0.0 -3.0E-6 -3.0E-5
0.0 0.0 -3.0E-6 -3.0E-5
0.0 0.0 -3.0E-6 -3.0E-5
0.0 0.0 -3.0E-6 -3.0E-5
0.0 0.103249 -0.056132 2.911576
7.229714 1.232792 -0.193016 -1.225205
0.0 1.213494 -0.658199 3.878695
0.0 0.0 -20.962343 3.878695
0.0 0.0 -20.962343 19.045273
0.0 1.823915 2.049805 1.092524
0.0 1.823915 2.049805 1.092524
0.0 4.723906 0.024658 20.645679
18.725964 3.998586 4.078613 -10.323591
0.0 5.149093 3.820679 3.628838
0.0 6.377018 4.452606 6.451794
0.0 3.212556 2.212982 3.941496
0.0 0.0 8.796829 -12.956177
0.0 3.357499 -2.610504 18.711424
0.0 3.554539 -0.243088 15.739084
0.0 0.0 -0.243088 -11.224487
0.0 0.0 -0.243088 19.124908
0.0 3.867568 2.971619 2.343639
0.0 7.522882 4.957153 6.258221
0.0 7.522882 4.957153 6.258221
0.0 0.0 -9.123389 6.258221
0.0 3.549954 1.665577 3.071495
9.55354 2.400659 0.281193 -1.461979
12.996604 5.400151 2.556953 -1.332396
0.0 2.45704 1.771606 7.049042
0.0 0.0 1.771606 7.049042
9.776363 3.360831 2.106766 -1.076321
9.107919 3.485417 2.5448 -0.90583
5.778624 3.400631 1.781403 0.826794
2.269866 0.043508 0.154083 -0.289932
0.0 -7.0E-6 4.6E-5 1.14E-4
0.0 -7.0E-6 4.6E-5 1.14E-4
0.0 0.0 4.6E-5 1.14E-4
0.0 -7.0E-6 0.0 1.39E-4
0.048457 0.0 3.1E-5 4.0E-6
0.0 -7.0E-6 4.6E-5 1.14E-4
0.0 0.0 4.6E-5 1.14E-4
0.0 -7.0E-6 0.0 1.39E-4
0.0 -7.0E-6 0.0 1.39E-4
0.0 -7.0E-6 0.0 1.39E-4
0.048457 0.0 3.1E-5 4.0E-6
0.0 -7.0E-6 0.0 1.39E-4
0.0 -7.0E-6 0.0 1.39E-4
0.0 0.0 0.0 1.39E-4
0.0 0.0 0.0 1.39E-4
0.0 -7.0E-6 0.0 1.39E-4
0.048457 0.0 3.1E-5 4.0E-6
0.0 -7.0E-6 0.0 1.39E-4
0.0 -7.0E-6 0.0 1.39E-4
0.048457 0.0 3.1E-5 4.0E-6
0.048457 0.0 3.1E-5 4.0E-6
0.0 0.0 3.1E-5 4.0E-6
0.0 0.0 -13.266205 4.0E-6
0.048457 0.0 3.1E-5 4.0E-6
0.0 -7.0E-6 4.6E-5 1.14E-4
0.0 0.0 4.6E-5 1.14E-4
0.0 -7.0E-6 0.0 1.39E-4
0.048457 0.0 3.1E-5 4.0E-6
0.0 0.0 3.1E-5 4.0E-6
0.048457 0.0 3.1E-5 4.0E-6
0.048457 0.0 3.1E-5 4.0E-6
0.048457 0.0 3.1E-5 4.0E-6
0.048457 0.0 3.1E-5 4.0E-6
0.0 -7.0E-6 4.6E-5 1.14E-4
0.0 -7.0E-6 4.6E-5 1.14E-4
0.0 -7.0E-6 0.0 1.39E-4
0.0 -7.0E-6 0.0 1.39E-4
0.0 -7.0E-6 0.0 1.39E-4
0.0 -7.0E-6 0.0 1.39E-4
0.0 -7.0E-6 0.0 1.39E-4
0.0 -7.0E-6 0.0 1.39E-4
0.0 -7.0E-6 0.0 1.39E-4
0.0 -7.0E-6 0.0 1.39E-4
0.0 -7.0E-6 0.0 1.39E-4
0.0 -7.0E-6 0.0 1.39E-4
0.048457 0.0 3.1E-5 4.0E-6
0.0 -7.0E-6 4.6E-5 1.14E-4
0.0 -7.0E-6 4.6E-5 1.14E-4
0.048457 0.0 3.1E-5 4.0E-6
0.048457 0.0 3.1E-5 4.0E-6
0.048457 0.0 3.1E-5 4.0E-6
0.048457 0.0 3.1E-5 4.0E-6
0.048457 0.0 3.1E-5 4.0E-6
0.0 -7.0E-6 0.0 1.39E-4
0.0 -7.0E-6 0.0 1.39E-4
0.048457 0.0 3.1E-5 4.0E-6
0.048457 0.0 3.1E-5 4.0E-6
0.048457 0.0 3.1E-5 4.0E-6
0.0 -7.0E-6 4.6E-5 1.14E-4
0.0 -7.0E-6 4.6E-5 1.14E-4
0.048457 0.0 3.1E-5 4.0E-6
0.048457 0.0 3.1E-5 4.0E-6
0.0 -7.0E-6 4.6E-5 1.14E-4
0.0 -7.0E-6 4.6E-5 1.14E-4
0.048457 0.0 3.1E-5 4.0E-6
0.048457 0.0 3.1E-5 4.0E-6
0.0 -7.0E-6 0.0 1.39E-4
0.0 -7.0E-6 0.0 1.39E-4
0.0 -7.0E-6 0.0 1.39E-4
0.0 0.0 -14.714722 1.39E-4
0.048457 0.0 3.1E-5 4.0E-6
0.048457 0.0 3.1E-5 4.0E-6
0.048457 0.0 3.1E-5 4.0E-6
0.048457 0.0 3.1E-5 4.0E-6
0.048457 0.0 3.1E-5 4.0E-6
0.048457 0.0 3.1E-5 4.0E-6
0.048457 0.0 3.1E-5 4.0E-6
0.0 -7.0E-6 0.0 1.39E-4
0.0 -7.0E-6 0.0 1.39E-4
0.0 0.0 -14.714722 1.39E-4
0.048457 0.0 3.1E-5 4.0E-6
0.0 -7.0E-6 0.0 1.39E-4
0.0 -7.0E-6 0.0 1.39E-4
0.048457 0.0 3.1E-5 4.0E-6
0.0 -7.0E-6 0.0 1.39E-4
0.0 -7.0E-6 0.0 1.39E-4
0.0 -7.0E-6 0.0 1.39E-4
0.048457 0.0 3.1E-5 4.0E-6
0.0 -7.0E-6 0.0 1.39E-4
0.0 -7.0E-6 0.0 1.39E-4
0.0 -1.4E-5 0.0 1.39E-4
0.048457 0.0 3.1E-5 4.0E-6
0.048457 0.0 3.1E-5 4.0E-6
0.0 0.141289 0.451019 -0.096172
1.096109 -0.141235 -0.451065 0.093838
0.048457 0.0 3.1E-5 4.0E-6
0.0 -7.0E-6 0.0 1.39E-4
0.0 0.0 -14.714722 1.39E-4
0.048457 0.0 3.1E-5 4.0E-6
0.0 -7.0E-6 0.0 1.39E-4
0.0 -7.0E-6 0.0 1.39E-4
0.0 -7.0E-6 0.0 1.39E-4
0.0 -7.0E-6 0.0 1.39E-4
0.048457 0.0 3.1E-5 4.0E-6
0.048457 0.0 3.1E-5 4.0E-6
0.048457 0.0 3.1E-5 4.0E-6
0.048457 0.0 3.1E-5 4.0E-6
0.048457 0.0 3.1E-5 4.0E-6
0.048457 0.0 3.1E-5 4.0E-6
1.35826 0.185932 0.637222 -0.29203
0.0 -0.186041 -0.63829 0.290031
0.048457 0.0 3.1E-5 4.0E-6
0.048457 0.0 3.1E-5 4.0E-6
0.0 -7.0E-6 0.0 1.39E-4
0.0 0.0 -14.714722 1.39E-4
0.048457 0.0 3.1E-5 4.0E-6
0.048457 0.0 3.1E-5 4.0E-6
0.048457 0.0 3.1E-5 4.0E-6
0.0 0.0 3.1E-5 4.0E-6
0.0 0.0 3.1E-5 4.0E-6
0.0 0.0 3.1E-5 4.0E-6
0.0 -7.0E-6 0.0 1.39E-4
0.048457 0.0 3.1E-5 4.0E-6
0.048457 0.0 3.1E-5 4.0E-6
0.048457 0.0 3.1E-5 4.0E-6
0.048457 0.0 3.1E-5 4.0E-6
0.048457 0.0 3.1E-5 4.0E-6
0.048457 0.0 3.1E-5 4.0E-6
0.0 -7.0E-6 4.6E-5 1.14E-4
0.0 0.0 4.6E-5 1.14E-4
0.0 -7.0E-6 0.0 1.39E-4
0.0 -7.0E-6 0.0 1.39E-4
1.096109 -0.141235 -0.451065 0.093838
0.048457 0.0 3.1E-5 4.0E-6
0.048457 0.0 3.1E-5 4.0E-6
0.048457 0.0 3.1E-5 4.0E-6
0.048457 0.0 3.1E-5 4.0E-6
1.35826 0.185932 0.637222 -0.29203
0.0 -0.186041 -0.63829 0.290031
0.048457 0.0 3.1E-5 4.0E-6
0.048457 0.0 3.1E-5 4.0E-6
0.0 -7.0E-6 0.0 1.39E-4
0.0 -7.0E-6 0.0 1.39E-4
0.0 -7.0E-6 0.0 1.39E-4
0.048457 0.0 3.1E-5 4.0E-6
0.048457 0.0 3.1E-5 4.0E-6
0.048457 0.0 3.1E-5 4.0E-6
0.0 -7.0E-6 0.0 1.39E-4
0.0 0.0 -13.266205 1.39E-4
0.048457 0.0 3.1E-5 4.0E-6
0.048457 0.0 3.1E-5 4.0E-6
0.048457 0.0 3.1E-5 4.0E-6
0.048457 0.0 3.1E-5 4.0E-6
0.0 0.141289 0.451019 -0.096172
1.096109 -0.141235 -0.451065 0.093838
0.048457 0.0 3.1E-5 4.0E-6
0.048457 0.0 3.1E-5 4.0E-6
0.0 -7.0E-6 0.0 1.39E-4
0.0 -7.0E-6 0.0 1.39E-4
0.0 0.141289 0.451019 -0.096172
1.096109 -0.141235 -0.451065 0.093838
0.0 0.0 -0.451065 0.093838
0.0 -7.0E-6 0.0 1.39E-4
0.0 0.0 0.0 1.39E-4
0.0 -7.0E-6 4.6E-5 1.14E-4
0.048457 0.0 3.1E-5 4.0E-6
0.048457 0.0 3.1E-5 4.0E-6
0.048457 0.0 3.1E-5 4.0E-6
0.048457 0.0 3.1E-5 4.0E-6
0.0 0.141289 0.451019 -0.096172
1.096109 -0.141235 -0.451065 0.093838
0.048457 0.0 3.1E-5 4.0E-6
0.048457 0.0 3.1E-5 4.0E-6
0.048457 0.0 3.1E-5 4.0E-6
0.048457 0.0 3.1E-5 4.0E-6
0.048457 0.0 3.1E-5 4.0E-6
0.048457 0.0 3.1E-5 4.0E-6
0.048457 0.0 3.1E-5 4.0E-6
0.048457 0.0 3.1E-5 4.0E-6
0.048457 0.0 3.1E-5 4.0E-6
0.0 -7.0E-6 0.0 1.39E-4
0.0 0.0 -14.714722 1.39E-4
0.048457 0.0 3.1E-5 4.0E-6
0.048457 0.0 3.1E-5 4.0E-6
0.048457 0.0 3.1E-5 4.0E-6
0.048457 0.0 3.1E-5 4.0E-6
0.048457 0.0 3.1E-5 4.0E-6
0.048457 0.0 3.1E-5 4.0E-6
0.048457 0.0 3.1E-5 4.0E-6
0.048457 0.0 3.1E-5 4.0E-6
0.048457 0.0 3.1E-5 4.0E-6
0.048457 0.0 3.1E-5 4.0E-6
0.048457 0.0 3.1E-5 4.0E-6
0.048457 0.0 3.1E-5 4.0E-6
0.048457 0.0 3.1E-5 4.0E-6
0.048457 0.0 3.1E-5 4.0E-6
0.0 0.141289 0.451019 -0.096172
1.096109 -0.141235 -0.451065 0.093838
0.048457 0.0 3.1E-5 4.0E-6
0.048457 0.0 3.1E-5 4.0E-6
0.048457 0.0 3.1E-5 4.0E-6
0.048457 0.0 3.1E-5 4.0E-6
0.0 -7.0E-6 0.0 1.39E-4
0.0 -7.0E-6 0.0 1.39E-4
0.0 -7.0E-6 2.401154 28.116512
0.0 -7.0E-6 0.0 1.39E-4
0.0 0.0 0.0 1.39E-4
0.0 -7.0E-6 4.6E-5 1.14E-4
0.048457 0.0 3.1E-5 4.0E-6
0.048457 0.0 3.1E-5 4.0E-6
0.048457 0.0 3.1E-5 4.0E-6
0.048457 0.0 3.1E-5 4.0E-6
0.048457 0.0 3.1E-5 4.0E-6
0.0 0.141289 0.451019 -0.096172
1.096109 -0.141235 -0.451065 0.093838
0.048457 0.0 3.1E-5 4.0E-6
0.0 -7.0E-6 0.0 1.39E-4
0.0 0.0 -14.714722 1.39E-4
0.048457 0.0 3.1E-5 4.0E-6
0.048457 0.0 3.1E-5 4.0E-6
0.0 -7.0E-6 0.0 1.39E-4
0.0 0.0 -14.714722 1.39E-4
0.048457 0.0 3.1E-5 4.0E-6
0.048457 0.0 3.1E-5 4.0E-6
0.0 -7.0E-6 0.0 1.39E-4
0.0 -7.0E-6 0.0 1.39E-4
0.0 0.141289 0.451019 -0.096172
0.0 -7.0E-6 0.0 1.39E-4
0.0 -7.0E-6 0.0 1.39E-4
0.0 -7.0E-6 0.0 1.39E-4
0.0 -7.0E-6 0.0 1.39E-4
0.048457 0.0 3.1E-5 4.0E-6
0.048457 0.0 3.1E-5 4.0E-6
0.048457 0.0 3.1E-5 4.0E-6
0.0 0.141289 0.451019 -0.096172
1.096109 -0.141235 -0.451065 0.093838
0.048457 0.0 3.1E-5 4.0E-6
0.048457 0.0 3.1E-5 4.0E-6
0.048457 0.0 3.1E-5 4.0E-6
0.048457 0.0 3.1E-5 4.0E-6
0.048457 0.0 3.1E-5 4.0E-6
0.0 -7.0E-6 0.0 1.39E-4
0.0 -7.0E-6 0.0 1.39E-4
0.048457 0.0 3.1E-5 4.0E-6
0.048457 0.0 3.1E-5 4.0E-6
0.048457 0.0 3.1E-5 4.0E-6
0.048457 0.0 3.1E-5 4.0E-6
0.048457 0.0 3.1E-5 4.0E-6
0.048457 0.0 3.1E-5 4.0E-6
0.048457 0.0 3.1E-5 4.0E-6
0.0 0.141289 0.451019 -0.096172
0.0 -7.0E-6 0.0 1.39E-4
0.0 -7.0E-6 0.0 1.39E-4
0.0 0.141289 0.451019 -0.096172
0.0 7.0E-6 -4.6E-5 -2.3E-5
1.096109 -0.141235 -0.451065 0.093838
0.0 0.141289 0.451019 -0.096172
1.096109 -0.141235 -0.451065 0.093838
0.048457 0.0 3.1E-5 4.0E-6
0.0 -7.0E-6 0.0 1.39E-4
0.0 -7.0E-6 0.0 1.39E-4
0.048457 0.0 3.1E-5 4.0E-6
0.0 -7.0E-6 4.6E-5 1.14E-4
0.0 -7.0E-6 4.6E-5 1.14E-4
0.048457 0.0 3.1E-5 4.0E-6
0.048457 0.0 3.1E-5 4.0E-6
0.048457 0.0 3.1E-5 4.0E-6
0.048457 0.0 3.1E-5 4.0E-6
0.0 0.141289 0.451019 -0.096172
1.096109 -0.141235 -0.451065 0.093838
0.0 -7.0E-6 0.0 1.39E-4
0.0 0.0 -13.266205 1.39E-4
0.0 0.141289 0.451019 -0.096172
1.096109 -0.141235 -0.451065 0.093838
0.0 0.141289 0.451019 -0.096172
1.096109 -0.141235 -0.451065 0.093838
0.048457 0.0 3.1E-5 4.0E-6
0.048457 0.0 3.1E-5 4.0E-6
0.048457 0.0 3.1E-5 4.0E-6
0.048457 0.0 3.1E-5 4.0E-6
0.0 0.141289 0.451019 -0.096172
1.096109 -0.141235 -0.451065 0.093838
0.0 0.141289 0.451019 -0.096172
0.0 7.0E-6 -4.6E-5 -2.3E-5
0.0 7.0E-6 -4.6E-5 -2.3E-5
0.0 7.0E-6 -4.6E-5 -2.3E-5
0.0 7.0E-6 -4.6E-5 -2.3E-5
1.096109 -0.141235 -0.451065 0.093838
0.048457 0.0 3.1E-5 4.0E-6
0.048457 0.0 3.1E-5 4.0E-6
0.048457 0.0 3.1E-5 4.0E-6
0.048457 0.0 3.1E-5 4.0E-6
0.048457 0.0 3.1E-5 4.0E-6
0.048457 0.0 3.1E-5 4.0E-6
0.048457 0.0 3.1E-5 4.0E-6
0.048457 0.0 3.1E-5 4.0E-6
0.048457 0.0 3.1E-5 4.0E-6
0.0 -7.0E-6 0.0 1.39E-4
0.0 -7.0E-6 0.0 1.39E-4
1.096109 -0.141235 -0.451065 0.093838
0.048457 0.0 3.1E-5 4.0E-6
0.0 0.141289 0.451019 -0.096172
1.096109 -0.141235 -0.451065 0.093838
0.048457 0.0 3.1E-5 4.0E-6
0.0 0.141289 0.451019 -0.096172
1.096109 -0.141235 -0.451065 0.093838
0.048457 0.0 3.1E-5 4.0E-6
0.0 0.141289 0.451019 -0.096172
0.0 -7.0E-6 0.0 1.39E-4
0.0 0.0 -14.714722 1.39E-4
0.048457 0.0 3.1E-5 4.0E-6
0.048457 0.0 3.1E-5 4.0E-6
0.048457 0.0 3.1E-5 4.0E-6
0.0 0.141289 0.451019 -0.096172
0.0 7.0E-6 -4.6E-5 -2.3E-5
1.096109 -0.141235 -0.451065 0.093838
0.048457 0.0 3.1E-5 4.0E-6
0.048457 0.0 3.1E-5 4.0E-6
0.048457 0.0 3.1E-5 4.0E-6
0.048457 0.0 3.1E-5 4.0E-6
0.0 -7.0E-6 0.0 1.39E-4
0.0 -7.0E-6 0.0 1.39E-4
0.048457 0.0 3.1E-5 4.0E-6
0.048457 0.0 3.1E-5 4.0E-6
0.048457 0.0 3.1E-5 4.0E-6
0.048457 0.0 3.1E-5 4.0E-6
0.048457 0.0 3.1E-5 4.0E-6
0.0 0.141289 0.451019 -0.096172
1.096109 -0.141235 -0.451065 0.093838
0.0 0.141289 0.451019 -0.096172
0.0 7.0E-6 -4.6E-5 -2.3E-5
1.096109 -0.141235 -0.451065 0.093838
0.0 -7.0E-6 0.0 1.39E-4
0.0 -7.0E-6 0.0 1.39E-4
0.048457 0.0 3.1E-5 4.0E-6
0.048457 0.0 3.1E-5 4.0E-6
0.0 0.141289 0.451019 -0.096172
1.096109 -0.141235 -0.451065 0.093838
0.0 -7.0E-6 0.0 1.39E-4
0.0 0.0 -14.714722 1.39E-4
0.048457 0.0 3.1E-5 4.0E-6
0.0 0.141289 0.451019 -0.096172
1.096109 -0.141235 -0.451065 0.093838
0.0 -7.0E-6 0.0 1.39E-4
0.0 -7.0E-6 0.0 1.39E-4
0.0 -7.0E-6 0.0 1.39E-4
0.0 -7.0E-6 0.0 1.39E-4
0.048457 0.0 3.1E-5 4.0E-6
0.0 -7.0E-6 0.0 1.39E-4
0.0 0.0 -7.820404 1.39E-4
0.048457 0.0 3.1E-5 4.0E-6
0.048457 0.0 3.1E-5 4.0E-6
0.048457 0.0 3.1E-5 4.0E-6
0.048457 0.0 3.1E-5 4.0E-6
0.048457 0.0 3.1E-5 4.0E-6
0.0 0.141289 0.451019 -0.096172
0.0 7.0E-6 -4.6E-5 -2.3E-5
1.096109 -0.141235 -0.451065 0.093838
0.048457 0.0 3.1E-5 4.0E-6
0.048457 0.0 3.1E-5 4.0E-6
0.0 0.141289 0.451019 -0.096172
0.0 7.0E-6 -4.6E-5 -2.3E-5
1.096109 -0.141235 -0.451065 0.093838
0.0 0.141289 0.451019 -0.096172
1.096109 -0.141235 -0.451065 0.093838
0.0 0.141289 0.451019 -0.096172
0.0 7.0E-6 -4.6E-5 -2.3E-5
1.096109 -0.141235 -0.451065 0.093838
0.048457 0.0 3.1E-5 4.0E-6
0.0 -7.0E-6 0.0 1.39E-4
0.0 -7.0E-6 0.0 1.39E-4
1.096109 -0.141235 -0.451065 0.093838
0.048457 0.0 3.1E-5 4.0E-6
0.048457 0.0 3.1E-5 4.0E-6
0.048457 0.0 3.1E-5 4.0E-6
0.048457 0.0 3.1E-5 4.0E-6
0.0 0.141289 0.451019 -0.096172
0.0 7.0E-6 -4.6E-5 -2.3E-5
1.096109 -0.141235 -0.451065 0.093838
0.0 -7.0E-6 0.0 1.39E-4
0.0 -7.0E-6 0.0 1.39E-4
0.0 7.0E-6 -4.6E-5 -2.3E-5
0.0 7.0E-6 -4.6E-5 -2.3E-5
1.096109 -0.141235 -0.451065 0.093838
0.048457 0.0 3.1E-5 4.0E-6
0.0 -7.0E-6 4.6E-5 1.14E-4
0.0 -7.0E-6 4.6E-5 1.14E-4
0.0 0.141289 0.451019 -0.096172
1.096109 -0.141235 -0.451065 0.093838
0.0 0.141289 0.451019 -0.096172
0.0 7.0E-6 -4.6E-5 -2.3E-5
0.0 7.0E-6 -4.6E-5 -2.3E-5
0.0 7.0E-6 -4.6E-5 -2.3E-5
0.0 7.0E-6 -4.6E-5 -2.3E-5
0.0 -7.0E-6 0.0 1.39E-4
0.0 -7.0E-6 0.0 1.39E-4
1.096109 -0.141235 -0.451065 0.093838
0.0 -7.0E-6 0.0 1.39E-4
0.0 -1.4E-5 0.0 1.39E-4
0.0 0.141289 0.451019 -0.096172
0.0 7.0E-6 -4.6E-5 -2.3E-5
0.0 7.0E-6 -4.6E-5 -2.3E-5
0.0 7.0E-6 -4.6E-5 -2.3E-5
0.0 7.0E-6 -4.6E-5 -2.3E-5
0.0 7.0E-6 -4.6E-5 -2.3E-5
1.096109 -0.141235 -0.451065 0.093838
0.048457 0.0 3.1E-5 4.0E-6
0.0 0.141289 0.451019 -0.096172
1.096109 -0.141235 -0.451065 0.093838
0.048457 0.0 3.1E-5 4.0E-6
0.0 -7.0E-6 0.0 1.39E-4
0.0 -7.0E-6 0.0 1.39E-4
0.048457 0.0 3.1E-5 4.0E-6
0.0 0.141289 0.451019 -0.096172
1.096109 -0.141235 -0.451065 0.093838
0.048457 0.0 3.1E-5 4.0E-6
0.048457 0.0 3.1E-5 4.0E-6
0.0 -7.0E-6 0.0 1.39E-4
0.0 0.0 -14.714722 1.39E-4
0.048457 0.0 3.1E-5 4.0E-6
0.048457 0.0 3.1E-5 4.0E-6
0.0 0.141289 0.451019 -0.096172
0.0 -7.0E-6 0.0 1.39E-4
0.0 0.0 -14.714722 1.39E-4
0.0 -7.0E-6 0.0 1.39E-4
0.0 0.0 -14.714722 1.39E-4
0.0 -7.0E-6 0.0 1.39E-4
0.0 0.0 -14.714722 1.39E-4
0.0 -7.0E-6 0.0 1.39E-4
0.0 0.0 -14.714722 1.39E-4
1.096109 -0.141235 -0.451065 0.093838
0.0 0.141289 0.451019 -0.096172
0.0 7.0E-6 -4.6E-5 -2.3E-5
0.0 7.0E-6 -4.6E-5 -2.3E-5
0.0 7.0E-6 -4.6E-5 -2.3E-5
1.096109 -0.141235 -0.451065 0.093838
0.0 0.141289 0.451019 -0.096172
1.096109 -0.141235 -0.451065 0.093838
0.048457 0.0 3.1E-5 4.0E-6
0.048457 0.0 3.1E-5 4.0E-6
0.0 0.141289 0.451019 -0.096172
0.0 7.0E-6 -4.6E-5 -2.3E-5
1.096109 -0.141235 -0.451065 0.093838
0.048457 0.0 3.1E-5 4.0E-6
0.048457 0.0 3.1E-5 4.0E-6
0.0 -7.0E-6 0.0 1.39E-4
0.0 0.0 -14.714722 1.39E-4
0.0 0.141289 0.451019 -0.096172
0.0 7.0E-6 -4.6E-5 -2.3E-5
0.0 -7.0E-6 0.0 1.39E-4
0.0 -7.0E-6 0.0 1.39E-4
0.0 7.0E-6 -4.6E-5 -2.3E-5
0.0 7.0E-6 -4.6E-5 -2.3E-5
0.0 7.0E-6 -4.6E-5 -2.3E-5
0.0 -7.0E-6 0.0 1.39E-4
0.0 0.0 -14.714722 1.39E-4
1.096109 -0.141235 -0.451065 0.093838
0.048457 0.0 3.1E-5 4.0E-6
0.048457 0.0 3.1E-5 4.0E-6
0.048457 0.0 3.1E-5 4.0E-6
0.0 0.141289 0.451019 -0.096172
1.096109 -0.141235 -0.451065 0.093838
0.048457 0.0 3.1E-5 4.0E-6
0.048457 0.0 3.1E-5 4.0E-6
0.048457 0.0 3.1E-5 4.0E-6
0.0 0.141289 0.451019 -0.096172
1.096109 -0.141235 -0.451065 0.093838
0.048457 0.0 3.1E-5 4.0E-6
0.048457 0.0 3.1E-5 4.0E-6
0.0 0.141289 0.451019 -0.096172
1.096109 -0.141235 -0.451065 0.093838
0.048457 0.0 3.1E-5 4.0E-6
0.048457 0.0 3.1E-5 4.0E-6
0.048457 0.0 3.1E-5 4.0E-6
0.0 0.141289 0.451019 -0.096172
0.0 7.0E-6 -4.6E-5 -2.3E-5
1.096109 -0.141235 -0.451065 0.093838
0.048457 0.0 3.1E-5 4.0E-6
0.048457 0.0 3.1E-5 4.0E-6
0.0 0.141289 0.451019 -0.096172
1.096109 -0.141235 -0.451065 0.093838
0.0 0.141289 0.451019 -0.096172
0.0 7.0E-6 -4.6E-5 -2.3E-5
0.0 7.0E-6 -4.6E-5 -2.3E-5
0.0 7.0E-6 -4.6E-5 -2.3E-5
0.0 7.0E-6 -4.6E-5 -2.3E-5
0.0 7.0E-6 -4.6E-5 -2.3E-5
0.0 7.0E-6 -4.6E-5 -2.3E-5
1.096109 -0.141235 -0.451065 0.093838
0.0 0.141289 0.451019 -0.096172
1.096109 -0.141235 -0.451065 0.093838
0.048457 0.0 3.1E-5 4.0E-6
0.0 0.141289 0.451019 -0.096172
0.0 7.0E-6 -4.6E-5 -2.3E-5
0.0 -7.0E-6 0.0 1.39E-4
0.0 -7.0E-6 0.0 1.39E-4
0.0 7.0E-6 -4.6E-5 -2.3E-5
0.0 7.0E-6 -4.6E-5 -2.3E-5
0.0 7.0E-6 -4.6E-5 -2.3E-5
1.096109 -0.141235 -0.451065 0.093838
0.0 0.141289 0.451019 -0.096172
0.0 7.0E-6 -4.6E-5 -2.3E-5
1.096109 -0.141235 -0.451065 0.093838
0.048457 0.0 3.1E-5 4.0E-6
0.0 -7.0E-6 0.0 1.39E-4
0.0 0.0 -13.266205 1.39E-4
0.0 7.0E-6 -4.6E-5 -2.3E-5
1.096109 -0.141235 -0.451065 0.093838
0.048457 0.0 3.1E-5 4.0E-6
0.048457 0.0 3.1E-5 4.0E-6
0.0 0.141289 0.451019 -0.096172
1.096109 -0.141235 -0.451065 0.093838
0.0 0.141289 0.451019 -0.096172
0.0 -7.0E-6 0.0 1.39E-4
0.0 -7.0E-6 0.0 1.39E-4
0.0 -7.0E-6 0.0 1.39E-4
0.0 -7.0E-6 0.0 1.39E-4
0.0 7.0E-6 -4.6E-5 -2.3E-5
0.0 7.0E-6 -4.6E-5 -2.3E-5
1.096109 -0.141235 -0.451065 0.093838
0.048457 0.0 3.1E-5 4.0E-6
0.0 0.141289 0.451019 -0.096172
1.096109 -0.141235 -0.451065 0.093838
0.048457 0.0 3.1E-5 4.0E-6
0.0 0.141289 0.451019 -0.096172
1.096109 -0.141235 -0.451065 0.093838
0.048457 0.0 3.1E-5 4.0E-6
0.048457 0.0 3.1E-5 4.0E-6
0.0 -7.0E-6 0.0 1.39E-4
0.0 0.0 -14.714722 1.39E-4
1.096109 -0.141235 -0.451065 0.093838
0.048457 0.0 3.1E-5 4.0E-6
0.0 0.141289 0.451019 -0.096172
1.096109 -0.141235 -0.451065 0.093838
0.048457 0.0 3.1E-5 4.0E-6
0.048457 0.0 3.1E-5 4.0E-6
0.0 0.141289 0.451019 -0.096172
1.096109 -0.141235 -0.451065 0.093838
0.0 0.141289 0.451019 -0.096172
1.096109 -0.141235 -0.451065 0.093838
0.048457 0.0 3.1E-5 4.0E-6
0.048457 0.0 3.1E-5 4.0E-6
0.0 0.141289 0.451019 -0.096172
1.096109 -0.141235 -0.451065 0.093838
0.0 0.141289 0.451019 -0.096172
1.096109 -0.141235 -0.451065 0.093838
0.0 0.141289 0.451019 -0.096172
1.096109 -0.141235 -0.451065 0.093838
0.0 0.141289 0.451019 -0.096172
1.096109 -0.141235 -0.451065 0.093838
0.0 0.141289 0.451019 -0.096172
0.0 -7.0E-6 0.0 1.39E-4
0.0 -7.0E-6 0.0 1.39E-4
1.096109 -0.141235 -0.451065 0.093838
0.0 0.141289 0.451019 -0.096172
0.0 -7.0E-6 0.0 1.39E-4
0.0 -7.0E-6 0.0 1.39E-4
0.0 7.0E-6 -4.6E-5 -2.3E-5
0.0 7.0E-6 -4.6E-5 -2.3E-5
0.0 7.0E-6 -4.6E-5 -2.3E-5
0.0 7.0E-6 -4.6E-5 -2.3E-5
0.0 7.0E-6 -4.6E-5 -2.3E-5
0.0 7.0E-6 -4.6E-5 -2.3E-5
1.096109 -0.141235 -0.451065 0.093838
0.0 0.141289 0.451019 -0.096172
0.0 7.0E-6 -4.6E-5 -2.3E-5
0.048457 0.0 1.5E-5 -1.22E-4
0.048457 0.0 1.5E-5 -1.22E-4
0.0 7.0E-6 -4.6E-5 -2.3E-5
0.0 7.0E-6 -4.6E-5 -2.3E-5
1.096109 -0.141235 -0.451065 0.093838
0.0 0.141289 0.451019 -0.096172
1.096109 -0.141235 -0.451065 0.093838
0.048457 0.0 3.1E-5 4.0E-6
0.0 0.141289 0.451019 -0.096172
0.0 7.0E-6 -4.6E-5 -2.3E-5
0.0 7.0E-6 -4.6E-5 -2.3E-5
0.0 7.0E-6 -4.6E-5 -2.3E-5
0.0 7.0E-6 -4.6E-5 -2.3E-5
1.096109 -0.141235 -0.451065 0.093838
0.048457 0.0 3.1E-5 4.0E-6
0.0 0.141289 0.451019 -0.096172
0.0 7.0E-6 -4.6E-5 -2.3E-5
0.0 7.0E-6 -4.6E-5 -2.3E-5
1.096109 -0.141235 -0.451065 0.093838
0.048457 0.0 3.1E-5 4.0E-6
0.048457 0.0 3.1E-5 4.0E-6
0.048457 0.0 3.1E-5 4.0E-6
0.0 0.141289 0.451019 -0.096172
0.0 7.0E-6 -4.6E-5 -2.3E-5
0.0 7.0E-6 -4.6E-5 -2.3E-5
0.0 7.0E-6 -4.6E-5 -2.3E-5
1.096109 -0.141235 -0.451065 0.093838
0.0 0.141289 0.451019 -0.096172
0.0 7.0E-6 -4.6E-5 -2.3E-5
1.096109 -0.141235 -0.451065 0.093838
0.048457 0.0 3.1E-5 4.0E-6
0.048457 0.0 3.1E-5 4.0E-6
0.048457 0.0 3.1E-5 4.0E-6
0.0 0.141289 0.451019 -0.096172
0.0 7.0E-6 -4.6E-5 -2.3E-5
0.0 7.0E-6 -4.6E-5 -2.3E-5
0.0 7.0E-6 -4.6E-5 -2.3E-5
0.0 7.0E-6 -4.6E-5 -2.3E-5
1.096109 -0.141235 -0.451065 0.093838
0.048457 0.0 3.1E-5 4.0E-6
0.0 0.141289 0.451019 -0.096172
0.0 7.0E-6 -4.6E-5 -2.3E-5
0.0 7.0E-6 -4.6E-5 -2.3E-5
1.096109 -0.141235 -0.451065 0.093838
0.0 0.141289 0.451019 -0.096172
0.0 7.0E-6 -4.6E-5 -2.3E-5
0.0 7.0E-6 -4.6E-5 -2.3E-5
0.0 7.0E-6 -4.6E-5 -2.3E-5
0.0 7.0E-6 -4.6E-5 -2.3E-5
0.0 7.0E-6 -4.6E-5 -2.3E-5
1.096109 -0.141235 -0.451065 0.093838
0.0 0.141289 0.451019 -0.096172
0.0 7.0E-6 -4.6E-5 -2.3E-5
0.0 -7.0E-6 0.0 1.39E-4
0.0 -7.0E-6 0.0 1.39E-4
0.0 0.141289 0.451019 -0.096172
1.096109 -0.141235 -0.451065 0.093838
0.0 0.141289 0.451019 -0.096172
0.0 7.0E-6 -4.6E-5 -2.3E-5
0.0 7.0E-6 -4.6E-5 -2.3E-5
0.0 7.0E-6 -4.6E-5 -2.3E-5
0.0 7.0E-6 -4.6E-5 -2.3E-5
0.0 7.0E-6 -4.6E-5 -2.3E-5
1.096109 -0.141235 -0.451065 0.093838
0.0 0.141289 0.451019 -0.096172
0.0 7.0E-6 -4.6E-5 -2.3E-5
1.096109 -0.141235 -0.451065 0.093838
0.0 0.141289 0.451019 -0.096172
0.0 7.0E-6 -4.6E-5 -2.3E-5
0.0 7.0E-6 -4.6E-5 -2.3E-5
0.0 7.0E-6 -4.6E-5 -2.3E-5
0.0 7.0E-6 -4.6E-5 -2.3E-5
1.096109 -0.141235 -0.451065 0.093838
0.0 0.141289 0.451019 -0.096172
0.0 -7.0E-6 0.0 1.39E-4
0.0 -7.0E-6 0.0 1.39E-4
1.096109 -0.141235 -0.451065 0.093838
0.048457 0.0 3.1E-5 4.0E-6
0.048457 0.0 3.1E-5 4.0E-6
0.0 0.141289 0.451019 -0.096172
0.0 7.0E-6 -4.6E-5 -2.3E-5
0.0 7.0E-6 -4.6E-5 -2.3E-5
1.096109 -0.141235 -0.451065 0.093838
0.0 0.141289 0.451019 -0.096172
0.0 7.0E-6 -4.6E-5 -2.3E-5
1.096109 -0.141235 -0.451065 0.093838
0.0 0.141289 0.451019 -0.096172
0.0 7.0E-6 -4.6E-5 -2.3E-5
0.0 7.0E-6 -4.6E-5 -2.3E-5
1.096109 -0.141235 -0.451065 0.093838
0.048457 0.0 3.1E-5 4.0E-6
0.0 0.141289 0.451019 -0.096172
0.0 7.0E-6 -4.6E-5 -2.3E-5
0.0 7.0E-6 -4.6E-5 -2.3E-5
0.0 7.0E-6 -4.6E-5 -2.3E-5
