69 c
0.0 0.0 0.0 -0.0
0.027976 0.0 -1.1E-5 -1.5E-5
0.027976 0.0 -1.1E-5 -1.5E-5
0.027976 0.0 -1.1E-5 -1.5E-5
0.027976 0.0 -1.1E-5 -1.5E-5
0.027976 0.0 -1.1E-5 -1.5E-5
0.027976 0.0 -1.1E-5 -1.5E-5
0.027976 0.0 -1.1E-5 -1.5E-5
0.027976 0.0 -1.1E-5 -1.5E-5
0.027976 0.0 -1.1E-5 -1.5E-5
0.027976 0.0 -1.1E-5 -1.5E-5
0.027976 0.0 -1.1E-5 -1.5E-5
0.027976 0.0 -1.1E-5 -1.5E-5
0.027976 0.0 -1.1E-5 -1.5E-5
0.027976 0.0 -1.1E-5 -1.5E-5
1.945615 0.003852 0.062862 -0.072487
0.0 -0.003857 -0.062969 0.072052
0.027976 0.0 -1.1E-5 -1.5E-5
0.027976 0.0 -1.1E-5 -1.5E-5
0.027976 0.0 -1.1E-5 -1.5E-5
0.027976 0.0 -1.1E-5 -1.5E-5
0.027976 0.0 -1.1E-5 -1.5E-5
0.027976 0.0 -1.1E-5 -1.5E-5
0.027976 0.0 -1.1E-5 -1.5E-5
0.027976 0.0 -1.1E-5 -1.5E-5
0.027976 0.0 -1.1E-5 -1.5E-5
0.027976 0.0 -1.1E-5 -1.5E-5
0.027976 0.0 -1.1E-5 -1.5E-5
0.062557 0.0 -8.0E-6 -2.1E-5
0.062557 0.0 -8.0E-6 -2.1E-5
0.027976 0.0 -1.1E-5 -1.5E-5
0.027976 0.0 -1.1E-5 -1.5E-5
0.027976 0.0 -1.1E-5 -1.5E-5
0.027976 0.0 -1.1E-5 -1.5E-5
0.027976 0.0 -1.1E-5 -1.5E-5
0.027976 0.0 -1.1E-5 -1.5E-5
0.027976 0.0 -1.1E-5 -1.5E-5
0.027976 0.0 -1.1E-5 -1.5E-5
0.027976 0.0 -1.1E-5 -1.5E-5
0.027976 0.0 -1.1E-5 -1.5E-5
1.945615 0.003852 0.062862 -0.072487
0.0 -0.003857 -0.062969 0.072052
0.027976 0.0 -1.1E-5 -1.5E-5
0.027976 0.0 -1.1E-5 -1.5E-5
0.027976 0.0 -1.1E-5 -1.5E-5
0.027976 0.0 -1.1E-5 -1.5E-5
0.027976 0.0 -1.1E-5 -1.5E-5
0.027976 0.0 -1.1E-5 -1.5E-5
0.027976 0.0 -1.1E-5 -1.5E-5
0.0 0.027379 0.519035 0.563124
0.0 -0.963984 -0.214668 -0.108765
0.0 -1.013011 0.085815 0.074623
0.0 -3.556503 -2.96722 1.78389
0.0 0.0 -6.244099 1.78389
0.0 -1.351161 2.957275 1.149971
5.652568 -3.141987 -2.941109 -1.127632
0.0 -2.207227 -0.078491 0.071629
0.0 -0.516796 -0.324623 0.03508
0.0 -0.920138 -0.247688 -0.172977
0.0 -0.253042 0.764713 1.306686
5.034468 -1.347949 -0.790884 -1.126259
0.0 -1.695477 -0.676178 -0.049749
0.0 -0.417544 -0.130028 -0.134962
0.0 -1.249662 0.238586 0.10478
0.0 -1.884516 -0.723907 -0.113707
0.0 -0.23263 0.477936 0.289406
0.0 -1.545658 -0.725014 -0.427483
0.0 -0.807957 0.375183 0.516838
0.0 -0.296944 1.031601 0.283083
4.11937 -1.295771 -0.904755 -0.68095
0.0 -0.636044 0.311035 0.534374
0.0 -1.678584 0.57579 0.017387
0.0 -1.050033 0.0 -0.296902
0.0 -2.670992 0.028364 0.169888
0.0 -2.493717 -0.231159 -0.142101
0.0 -1.756649 -0.004204 0.331251
9.108738 -3.661162 -0.362381 -4.85685
9.108738 -3.661162 -0.362381 -4.85685
0.0 0.0 -0.362381 -4.85685
11.220618 -3.921001 -1.595413 -5.96714
0.0 -2.978834 -3.61792 0.290558
0.0 -5.814497 -7.246429 3.692688
0.0 -3.011725 -3.261261 2.528191
0.0 -4.517907 -4.91153 7.600861
0.0 -1.457802 -1.139099 1.668236
