65.25
0.0 0.0 0.0 -0.0
0.128204 -1.4E-5 -6.1E-5 -3.05E-4
0.128204 -1.4E-5 -6.1E-5 -3.05E-4
0.128204 -1.4E-5 -6.1E-5 -3.05E-4
0.128204 -1.4E-5 -6.1E-5 -3.05E-4
0.128204 -1.4E-5 -6.1E-5 -3.05E-4
0.128204 -1.4E-5 -6.1E-5 -3.05E-4
0.128204 -1.4E-5 -6.1E-5 -3.05E-4
0.128204 -1.4E-5 -6.1E-5 -3.05E-4
0.128204 -1.4E-5 -6.1E-5 -3.05E-4
0.128204 -1.4E-5 -6.1E-5 -3.05E-4
0.128204 -1.4E-5 -6.1E-5 -3.05E-4
0.128204 -1.4E-5 -6.1E-5 -3.05E-4
0.128204 -1.4E-5 -6.1E-5 -3.05E-4
0.128204 -1.4E-5 -6.1E-5 -3.05E-4
0.128204 -1.4E-5 -6.1E-5 -3.05E-4
0.128204 -1.4E-5 -6.1E-5 -3.05E-4
0.128204 -1.4E-5 -6.1E-5 -3.05E-4
0.128204 -1.4E-5 -6.1E-5 -3.05E-4
0.128204 -1.4E-5 -6.1E-5 -3.05E-4
0.128204 -1.4E-5 -6.1E-5 -3.05E-4
0.128204 -1.4E-5 -6.1E-5 -3.05E-4
0.128204 -1.4E-5 -6.1E-5 -3.05E-4
0.128204 -1.4E-5 -6.1E-5 -3.05E-4
0.128204 -1.4E-5 -6.1E-5 -3.05E-4
0.128204 -1.4E-5 -6.1E-5 -3.05E-4
0.128204 -1.4E-5 -6.1E-5 -3.05E-4
0.128204 -1.4E-5 -6.1E-5 -3.05E-4
0.128204 -1.4E-5 -6.1E-5 -3.05E-4
0.128204 -1.4E-5 -6.1E-5 -3.05E-4
0.128204 -1.4E-5 -6.1E-5 -3.05E-4
0.128204 -1.4E-5 -6.1E-5 -3.05E-4
0.128204 -1.4E-5 -6.1E-5 -3.05E-4
0.128204 -1.4E-5 -6.1E-5 -3.05E-4
0.128204 -1.4E-5 -6.1E-5 -3.05E-4
0.128204 -1.4E-5 -6.1E-5 -3.05E-4
0.128204 -1.4E-5 -6.1E-5 -3.05E-4
0.128204 -1.4E-5 -6.1E-5 -3.05E-4
0.128204 -1.4E-5 -6.1E-5 -3.05E-4
0.128204 -1.4E-5 -6.1E-5 -3.05E-4
0.128204 -1.4E-5 -6.1E-5 -3.05E-4
0.128204 -1.4E-5 -6.1E-5 -3.05E-4
0.128204 -1.4E-5 -6.1E-5 -3.05E-4
0.128204 -1.4E-5 -6.1E-5 -3.05E-4
0.128204 -1.4E-5 -6.1E-5 -3.05E-4
0.128204 -1.4E-5 -6.1E-5 -3.05E-4
1.214343 -0.493255 -1.827698 0.252281
0.165511 -0.001694 -0.006409 0.555801
0.0 0.490004 1.808167 0.287788
0.252564 -0.005068 -0.018738 1.108246
0.0 -0.013374 -0.218445 2.289963
0.102792 -0.005027 -0.018127 1.10154
6.172763 -0.477272 -1.928162 -0.35952
0.48899 -0.001598 0.724243 0.540176
1.019332 -0.485728 -1.385254 1.3507
0.0 -8.06E-4 -0.002808 0.544968
0.0 -0.003552 -0.186157 1.69648
0.048457 2.7E-5 6.1E-5 -6.9E-5
0.0 0.0 -4.645911 -6.9E-5
0.0 -0.003429 0.178467 1.671829
6.051716 0.00183 0.181885 -0.585014
0.0 -0.004194 -0.191467 2.203476
0.279065 -7.79E-4 0.362549 0.534698
0.0 -0.003046 -0.010742 2.138649
1.899914 0.01782 -0.328033 0.248276
0.059347 0.464704 1.599792 0.255653
0.180226 -0.001489 -0.005066 1.061501
0.180226 -0.001489 -0.005066 1.061501
6.027861 -1.4E-5 -0.188538 -0.551537
6.027861 -1.4E-5 -0.188538 -0.551537
0.0 -6.230443 -21.235548 6.347492
5.255909 0.107265 -0.161411 -0.070213
11.468451 2.938823 10.138673 -3.884461
11.468451 2.938823 10.138673 -3.884461
0.0 -2.807395 -10.369815 3.159567
5.288393 -0.02367 -0.414192 -0.085289
0.0 -7.0E-6 1.5E-5 8.4E-5
2.809932 0.050543 0.512024 1.162697
0.0 -0.037416 0.638474 1.948711
3.062094 0.257841 0.958282 -0.232368
0.0 -0.221121 -0.471924 1.177086
2.086379 -0.148997 -0.52002 1.615669
0.0 -0.030213 -0.205139 1.070971
3.804984 -0.255354 -1.91687 0.668716
0.0 0.175249 0.206757 1.331268
0.0 0.175249 0.206757 1.331268
0.0 -0.198155 -0.810699 0.205475
0.0 -0.034308 -0.203247 0.107117
1.397878 0.206364 1.090775 1.218258
1.779053 -0.07184 -0.138531 0.260696
0.0 -0.039222 0.111877 1.731533
3.745231 -0.18098 -0.095856 -0.048199
0.0 -0.065826 0.388287 0.749176
0.0 0.242075 0.93409 0.227234
0.0 -0.149091 -0.226818 1.086187
2.496382 -0.15267 -0.103832 0.15941
0.0 -0.047 0.459778 1.58914
0.0 -0.109932 -0.39304 0.488775
2.312577 -0.147527 -0.522358 0.201521
0.0 -0.150539 -0.038219 0.632721
0.0 -0.167154 -0.092991 1.171684
0.0 0.026014 -0.037258 0.687693
1.970204 0.001906 -0.352707 0.42337
0.876257 0.102777 0.734924 1.732033
0.0 0.01867 -0.063835 1.31291
0.0 0.159543 -0.015156 1.343088
0.0 -0.019288 0.125206 1.446023
1.240805 -0.015201 0.131222 0.918831
0.0 0.041973 0.208664 1.21564
0.0 0.105426 -0.213062 1.173548
0.19881 0.041376 0.515659 1.482969
1.313732 0.107772 -0.016254 0.391919
3.905453 -0.104451 -0.96991 0.669842
3.905453 -0.104451 -0.96991 0.669842
0.0 0.015708 0.171925 1.010682
0.0 -0.024263 0.047668 0.950961
3.081087 0.01523 -0.197807 0.153913
0.0 -0.0523 0.453747 2.428184
2.067723 0.038852 0.381165 -0.024901
0.0 -0.022326 -0.20504 0.866122
2.801281 0.041712 -0.286209 0.823172
0.0 -0.112749 0.045334 1.110765
0.0 0.048426 0.404995 1.467381
2.486876 -0.079081 -0.503078 0.598093
0.0 -0.15409 -0.173828 2.287566
5.169795 -0.108126 0.109089 0.585012
1.112236 -0.100937 -0.312695 0.382214
0.0 0.071206 -0.035248 0.539326
0.0 0.034986 -0.460896 1.51898
0.0 0.023593 0.010723 0.075184
3.046069 -0.126752 -0.325119 -0.488414
0.0 0.025757 0.015602 0.402624
0.318981 0.101002 0.309738 0.083766
2.443285 -0.158584 -0.423607 -0.324534
0.0 -3.0E-6 -8.0E-6 1.52E-4
0.0 0.034124 0.103767 0.163276
0.0 -1.0E-6 1.1E-5 1.31E-4
0.0 -1.0E-6 1.1E-5 1.31E-4
1.795042 -0.034094 -0.103596 -0.163985
0.0 -3.0E-6 -8.0E-6 1.52E-4
0.0 -3.0E-6 -8.0E-6 1.52E-4
0.0 -3.0E-6 -8.0E-6 1.52E-4
0.0 -3.0E-6 -8.0E-6 1.52E-4
0.0 0.034124 0.103767 0.163276
1.795042 -0.034094 -0.103596 -0.163985
0.0 -3.0E-6 -8.0E-6 1.52E-4
0.0 -3.0E-6 -8.0E-6 1.52E-4
0.0 -3.0E-6 -8.0E-6 1.52E-4
0.0 0.034124 0.103767 0.163276
0.0 -1.0E-6 1.1E-5 1.31E-4
1.795042 -0.034094 -0.103596 -0.163985
0.0 -3.0E-6 -8.0E-6 1.52E-4
0.0 0.034124 0.103767 0.163276
0.0 -1.0E-6 1.1E-5 1.31E-4
1.795042 -0.034094 -0.103596 -0.163985
0.0 0.034124 0.103767 0.163276
1.795042 -0.034094 -0.103596 -0.163985
0.0 -3.0E-6 -8.0E-6 1.52E-4
0.0 0.034124 0.103767 0.163276
2.557803 -0.002296 -0.005131 -0.328185
0.0 -0.031865 -0.09874 0.163659
0.0 -3.0E-6 -8.0E-6 1.52E-4
0.0 0.034124 0.103767 0.163276
0.0 -1.0E-6 1.1E-5 1.31E-4
0.0 -1.0E-6 1.1E-5 1.31E-4
0.0 -1.0E-6 1.1E-5 1.31E-4
1.795042 -0.034094 -0.103596 -0.163985
0.0 -3.0E-6 -8.0E-6 1.52E-4
0.0 0.034124 0.103767 0.163276
1.795042 -0.034094 -0.103596 -0.163985
0.0 0.034124 0.103767 0.163276
1.795042 -0.034094 -0.103596 -0.163985
0.0 0.034124 0.103767 0.163276
1.795042 -0.034094 -0.103596 -0.163985
0.0 0.034124 0.103767 0.163276
1.795042 -0.034094 -0.103596 -0.163985
