55 c
0.0 0.0 0.0 -0.0
0.0 -1.0E-5 0.0 8.8E-5
0.0 -1.0E-5 0.0 8.8E-5
0.0 -1.0E-5 0.0 8.8E-5
0.0 -1.0E-5 0.0 8.8E-5
0.0 -1.0E-5 0.0 8.8E-5
0.0 -1.0E-5 0.0 8.8E-5
0.0 -1.0E-5 0.0 8.8E-5
0.0 -1.0E-5 0.0 8.8E-5
0.0 -1.0E-5 0.0 8.8E-5
0.0 -1.0E-5 0.0 8.8E-5
0.0 -1.0E-5 0.0 8.8E-5
0.0 -1.0E-5 0.0 8.8E-5
0.0 -1.0E-5 0.0 8.8E-5
0.0 -1.0E-5 0.0 8.8E-5
0.0 -1.0E-5 0.0 8.8E-5
0.0 -1.0E-5 0.0 8.8E-5
0.0 -1.0E-5 0.0 8.8E-5
0.0 -1.0E-5 0.0 8.8E-5
0.0 -1.0E-5 0.0 8.8E-5
0.0 -1.0E-5 0.0 8.8E-5
0.0 -1.0E-5 0.0 8.8E-5
0.0 -1.0E-5 0.0 8.8E-5
0.0 -1.0E-5 0.0 8.8E-5
0.0 -1.0E-5 0.0 8.8E-5
0.0 -1.0E-5 0.0 8.8E-5
0.0 -1.0E-5 0.0 8.8E-5
0.0 -1.0E-5 0.0 8.8E-5
0.0 -1.0E-5 0.0 8.8E-5
0.0 -1.0E-5 0.0 8.8E-5
0.0 -1.0E-5 0.0 8.8E-5
0.0 -1.0E-5 0.0 8.8E-5
0.0 -1.0E-5 0.0 8.8E-5
0.0 -1.0E-5 0.0 8.8E-5
0.0 -1.0E-5 0.0 8.8E-5
0.0 -1.0E-5 0.0 8.8E-5
0.0 -1.0E-5 0.0 8.8E-5
0.0 -1.0E-5 0.0 8.8E-5
0.0 -1.0E-5 0.0 8.8E-5
0.0 -1.0E-5 0.0 8.8E-5
0.0 -1.0E-5 0.0 8.8E-5
0.0 -1.0E-5 0.0 8.8E-5
0.0 -1.0E-5 0.0 8.8E-5
0.0 -1.0E-5 0.0 8.8E-5
0.0 -1.0E-5 0.0 8.8E-5
0.0 -1.0E-5 0.0 8.8E-5
0.0 -1.0E-5 0.0 8.8E-5
0.0 -1.0E-5 0.0 8.8E-5
0.0 0.298211 1.39212 0.685444
0.0 0.0 -14.917648 0.685444
0.0 -2.949682 -0.182724 -0.452827
0.0 -1.467979 3.206421 2.326763
5.644658 -4.220266 -3.44165 -1.460728
0.0 -2.005002 -0.019455 0.328129
0.0 -1.086308 -0.4021 0.367344
9.095527 -1.799785 -3.422112 4.879236
19.414532 -4.425857 -10.986214 -4.297616
0.0 -2.02379 -0.651901 0.347826
15.086167 -0.481633 2.49382 3.745193
0.489789 -1.998233 -0.330124 -0.089302
0.0 -3.701519 -0.111061 -0.231327
0.0 -3.477021 0.248264 0.201803
5.661784 -1.815017 -0.677948 -0.999601
0.0 -4.174265 -1.967712 0.33147
0.0 -2.442465 -1.538513 0.939922
0.0 -2.666569 -2.294425 1.180996
0.0 -5.538989 -2.135223 3.098358
0.0 0.0 -2.135223 3.098358
0.0 -2.610576 -3.042603 0.793755
0.0 -3.393166 -3.826569 2.268959
0.039565 7.0E-6 6.1E-5 -3.43E-4
0.0 -0.290045 -1.098328 -0.260841
2.459096 0.289526 1.098694 0.254906
0.039565 7.0E-6 6.1E-5 -3.43E-4
0.039565 7.0E-6 6.1E-5 -3.43E-4
0.039565 7.0E-6 6.1E-5 -3.43E-4
0.039565 7.0E-6 6.1E-5 -3.43E-4
0.039565 7.0E-6 6.1E-5 -3.43E-4
0.039565 7.0E-6 6.1E-5 -3.43E-4
0.039565 7.0E-6 6.1E-5 -3.43E-4
0.039565 7.0E-6 6.1E-5 -3.43E-4
0.039565 7.0E-6 6.1E-5 -3.43E-4
0.039565 7.0E-6 6.1E-5 -3.43E-4
0.039565 7.0E-6 6.1E-5 -3.43E-4
0.039565 7.0E-6 6.1E-5 -3.43E-4
0.039565 7.0E-6 6.1E-5 -3.43E-4
0.039565 7.0E-6 6.1E-5 -3.43E-4
0.039565 7.0E-6 6.1E-5 -3.43E-4
0.039565 7.0E-6 6.1E-5 -3.43E-4
0.039565 7.0E-6 6.1E-5 -3.43E-4
0.039565 7.0E-6 6.1E-5 -3.43E-4
0.039565 7.0E-6 6.1E-5 -3.43E-4
0.039565 7.0E-6 6.1E-5 -3.43E-4
0.039565 7.0E-6 6.1E-5 -3.43E-4
0.039565 7.0E-6 6.1E-5 -3.43E-4
0.039565 7.0E-6 6.1E-5 -3.43E-4
0.039565 7.0E-6 6.1E-5 -3.43E-4
0.039565 7.0E-6 6.1E-5 -3.43E-4
0.039565 7.0E-6 6.1E-5 -3.43E-4
0.039565 7.0E-6 6.1E-5 -3.43E-4
0.039565 7.0E-6 6.1E-5 -3.43E-4
0.039565 7.0E-6 6.1E-5 -3.43E-4
0.039565 7.0E-6 6.1E-5 -3.43E-4
0.039565 7.0E-6 6.1E-5 -3.43E-4
0.039565 7.0E-6 6.1E-5 -3.43E-4
0.039565 7.0E-6 6.1E-5 -3.43E-4
0.039565 7.0E-6 6.1E-5 -3.43E-4
0.039565 7.0E-6 6.1E-5 -3.43E-4
0.039565 7.0E-6 6.1E-5 -3.43E-4
0.039565 7.0E-6 6.1E-5 -3.43E-4
0.039565 7.0E-6 6.1E-5 -3.43E-4
0.039565 7.0E-6 6.1E-5 -3.43E-4
0.039565 7.0E-6 6.1E-5 -3.43E-4
0.039565 7.0E-6 6.1E-5 -3.43E-4
0.039565 7.0E-6 6.1E-5 -3.43E-4
0.039565 7.0E-6 6.1E-5 -3.43E-4
0.039565 7.0E-6 6.1E-5 -3.43E-4
0.039565 7.0E-6 6.1E-5 -3.43E-4
0.039565 7.0E-6 6.1E-5 -3.43E-4
0.039565 7.0E-6 6.1E-5 -3.43E-4
0.039565 7.0E-6 6.1E-5 -3.43E-4
0.039565 7.0E-6 6.1E-5 -3.43E-4
0.039565 7.0E-6 6.1E-5 -3.43E-4
0.039565 7.0E-6 6.1E-5 -3.43E-4
0.039565 7.0E-6 6.1E-5 -3.43E-4
0.039565 7.0E-6 6.1E-5 -3.43E-4
0.039565 7.0E-6 6.1E-5 -3.43E-4
0.039565 7.0E-6 6.1E-5 -3.43E-4
BREAK
