100:
53 5.75
54 5.75
46 5.125
95 11.75
104 11.25
114 11.75
159 17.875
160 17.875
168 17.5
226 25.5
233 24.75
225 24.875
278 30
278 30
276 30.5
200:
69 8.25
73 9.125
66 8.75
163 19.5
157 19
159 19.125
240 29.25
242 29
231 29.25
300:
97 11
97 11.5
94 11.5
242 25
207 25.5
199 25.75
258 32.5
249 31.25
263 32.25
400:
56 4.5
63 4.5
58 5.25
112 13.5
114 14
112 14
223 28.25
220 27.75
217 28.125
500:
62 5.125
60 5.25
59 4.125
118 10
115 11.5
114 9.5
224 27.5
222 26
222 25

500:
50:
23.125 in
23 in
23.125 in
100:
28.125 in
31.25 in
31.5 in
150:
36.5 in
37.5 in
38 in
100:
50:
8.25 in
10.75 in
10.5 in
100:
15.5 in
14.5 in
15.5 in
150:
20.5 in
20 in
20.75 in
200:
50:
18 in
18 in
18.5 in
100:
23.25 in
23.5 in
23.25 in
150:
27.5 in
28 in
28 in
